Date,Value,Change
1/2002, 101.1, 0
2/2002, 102.2, 1.1
3/2002, 99.2, -3
4/2002, 100, 0.8
5/2002, 100.3, 0.3
6/2002, 100.1, -0.2
7/2002, 99.9, -0.2
8/2002, 100.1, 0.2
9/2002, 100.2, 0.1
10/2002, 100.3, 0.1
11/2002, 100.3, 0
12/2002, 100.3, 0
1/2003, 100.9, 0.6
2/2003, 102.2, 1.3
3/2003, 99.4, -2.8
4/2003, 100, 0.6
5/2003, 99.9, -0.1
6/2003, 99.7, -0.2
7/2003, 99.7, 0
8/2003, 99.9, 0.2
9/2003, 100.1, 0.2
10/2003, 99.8, -0.3
11/2003, 100.6, 0.8
12/2003, 100.8, 0.2
1/2004, 101.1, 0.3
2/2004, 103, 1.9
3/2004, 100.8, -2.2
4/2004, 100.5, -0.3
5/2004, 100.9, 0.4
6/2004, 100.8, -0.1
7/2004, 100.5, -0.3
8/2004, 100.6, 0.1
9/2004, 100.3, -0.3
10/2004, 100, -0.3
11/2004, 100.2, 0.2
12/2004, 100.6, 0.4
1/2005, 101.1, 0.5
2/2005, 102.5, 1.4
3/2005, 100.1, -2.4
4/2005, 100.6, 0.5
5/2005, 100.5, -0.1
6/2005, 100.4, -0.1
7/2005, 100.4, 0
8/2005, 100.4, 0
9/2005, 100.8, 0.4
10/2005, 100.4, -0.4
11/2005, 100.4, 0
12/2005, 100.8, 0.4
1/2006, 101.2, 0.4
2/2006, 102.1, 0.9
3/2006, 99.5, -2.6
4/2006, 100.2, 0.7
5/2006, 100.6, 0.4
6/2006, 100.4, -0.2
7/2006, 100.4, 0
8/2006, 100.4, 0
9/2006, 100.3, -0.1
10/2006, 100.2, -0.1
11/2006, 100.6, 0.4
12/2006, 100.5, -0.1
1/2007, 101.05, 0.55
2/2007, 102.17, 1.12
3/2007, 99.78, -2.39
4/2007, 100.49, 0.71
5/2007, 100.77, 0.28
6/2007, 100.85, 0.08
7/2007, 100.94, 0.09
8/2007, 100.55, -0.39
9/2007, 100.51, -0.04
10/2007, 100.74, 0.23
11/2007, 101.23, 0.49
12/2007, 102.91, 1.68
1/2008, 102.38, -0.53
2/2008, 103.56, 1.18
3/2008, 102.99, -0.57
4/2008, 102.2, -0.79
5/2008, 103.91, 1.71
6/2008, 102.14, -1.77
7/2008, 101.13, -1.01
8/2008, 101.56, 0.43
9/2008, 100.18, -1.38
10/2008, 99.81, -0.37
11/2008, 99.24, -0.57
12/2008, 99.32, 0.08
1/2009, 100.32, 1
2/2009, 101.17, 0.85
3/2009, 99.83, -1.34
4/2009, 100.35, 0.52
5/2009, 100.44, 0.09
6/2009, 100.55, 0.11
7/2009, 100.52, -0.03
8/2009, 100.24, -0.28
9/2009, 100.62, 0.38
10/2009, 100.37, -0.25
11/2009, 100.55, 0.18
12/2009, 101.38, 0.83
1/2010, 101.36, -0.02
2/2010, 101.96, 0.6
3/2010, 100.75, -1.21
4/2010, 100.14, -0.61
5/2010, 100.27, 0.13
6/2010, 100.22, -0.05
7/2010, 100.06, -0.16
8/2010, 100.23, 0.17
9/2010, 101.31, 1.08
10/2010, 101.05, -0.26
11/2010, 101.86, 0.81
12/2010, 101.98, 0.12
1/2011, 101.74, -0.24
2/2011, 102.09, 0.35
3/2011, 102.17, 0.08
4/2011, 103.32, 1.15
5/2011, 102.21, -1.11
6/2011, 101.09, -1.12
7/2011, 101.17, 0.08
8/2011, 100.93, -0.24
9/2011, 100.82, -0.11
10/2011, 100.36, -0.46
11/2011, 100.39, 0.03
12/2011, 100.53, 0.14
1/2012, 101, 0.47
2/2012, 101.37, 0.37
3/2012, 100.16, -1.21
4/2012, 100.05, -0.11
5/2012, 100.18, 0.13
6/2012, 99.74, -0.44
7/2012, 99.71, -0.03
8/2012, 100.63, 0.92
9/2012, 102.2, 1.57
10/2012, 100.85, -1.35
11/2012, 100.47, -0.38
12/2012, 100.27, -0.2
1/2013, 101.25, 0.98
2/2013, 101.32, 0.07
3/2013, 99.81, -1.51
4/2013, 100.02, 0.21
5/2013, 99.94, -0.08
6/2013, 100.05, 0.11
7/2013, 100.27, 0.22
8/2013, 100.83, 0.56
9/2013, 101.06, 0.23
10/2013, 100.49, -0.57
11/2013, 100.34, -0.15
12/2013, 100.51, 0.17
1/2014, 100.69, 0.18
2/2014, 100.55, -0.14
3/2014, 99.56, -0.99
4/2014, 100.08, 0.52
5/2014, 100.2, 0.12
6/2014, 100.3, 0.1
7/2014, 100.23, -0.07
8/2014, 100.22, -0.01
9/2014, 100.4, 0.18
10/2014, 100.11, -0.29
11/2014, 99.73, -0.38
12/2014, 99.76, 0.03
1/2015, 99.8, 0.04
2/2015, 99.95, 0.15
3/2015, 100.15, 0.2
4/2015, 100.14, -0.01
5/2015, 100.16, 0.02
6/2015, 100.35, 0.19
7/2015, 100.13, -0.22
8/2015, 99.93, -0.2
9/2015, 99.79, -0.14
10/2015, 100.11, 0.32
11/2015, 100.07, -0.04
12/2015, 100.02, -0.05
1/2016, 100, -0.02
2/2016, 100.42, 0.42
3/2016, 100.57, 0.15
4/2016, 100.33, -0.24
5/2016, 100.54, 0.21
6/2016, 100.46, -0.08
7/2016, 100.13, -0.33
8/2016, 100.1, -0.03
9/2016, 100.54, 0.44
10/2016, 100.83, 0.29
11/2016, 100.48, -0.35
12/2016, 100.23, -0.25
1/2017, 100.46, 0.23
2/2017, 100.23, -0.23
3/2017, 100.21, -0.02
4/2017, 100, -0.21
5/2017, 99.47, -0.53
6/2017, 99.83, 0.36
7/2017, 100.11, 0.28
8/2017, 100.92, 0.81
9/2017, 100.59, -0.33
10/2017, 100.41, -0.18
11/2017, 100.13, -0.28
12/2017, 100.21, 0.08
1/2018, 100.51, 0.3
2/2018, 100.73, 0.22
3/2018, 99.73, -1
4/2018, 100.08, 0.35
5/2018, 100.55, 0.47
6/2018, 100.61, 0.06
7/2018, 99.91, -0.7
8/2018, 100.45, 0.54
9/2018, 100.59, 0.14
10/2018, 100.33, -0.26
11/2018, 99.71, -0.62
12/2018, 99.75, 0.04
1/2019, 100.1, 0.35
2/2019, 100.8, 0.7
3/2019, 99.79, -1.01
4/2019, 100.31, 0.52
5/2019, 100.49, 0.18
6/2019, 99.91, -0.58
7/2019, 100.18, 0.27
8/2019, 100.28, 0.1
9/2019, 100.32, 0.04
10/2019, 100.59, 0.27
11/2019, 100.96, 0.37
12/2019, 101.4, 0.44
1/2020, 101.23, -0.17
2/2020, 99.83, -1.4
3/2020, 99.28, -0.55
4/2020, 98.46, -0.82
5/2020, 99.97, 1.51
6/2020, 100.66, 0.69
7/2020, 100.4, -0.26
8/2020, 100.07, -0.33
9/2020, 100.12, 0.05
10/2020, 100.09, -0.03
11/2020, 99.99, -0.1
12/2020, 100.1, 0.11
1/2021, 100.06, -0.04
2/2021, 101.52, 1.46
3/2021, 99.73, -1.79
4/2021, 99.96, 0.23
5/2021, 100.16, 0.2
6/2021, 100.19, 0.03
7/2021, 100.62, 0.43
8/2021, 100.25, -0.37
9/2021, 99.38, -0.87
10/2021, 99.8, 0.42
11/2021, 100.32, 0.52
12/2021, 99.82, -0.5
1/2022, 100.19, 0.37
2/2022, 101, 0.81
3/2022, 100.7, -0.3
4/2022, 100.18, -0.52
5/2022, 100.38, 0.2
6/2022, 100.69, 0.31
7/2022, 100.4, -0.29
8/2022, 100, -0.4
9/2022, 100.4, 0.4
10/2022, 100.15, -0.25
11/2022, 100.39, 0.24
12/2022, 99.99, -0.4