Date,Value,Change
1/2002	100.6	0
2/2002	100.5	-0.1
3/2002	99.7	-0.8
4/2002	99.9	0.2
5/2002	99.8	-0.1
6/2002	100	0.2
7/2002	99.9	-0.1
8/2002	100.1	0.2
9/2002	100.4	0.3
10/2002	100	-0.4
11/2002	100.1	0.1
12/2002	100.1	0
1/2003	100.8	0.7
2/2003	100.6	-0.2
3/2003	99.8	-0.8
4/2003	100.4	0.6
5/2003	100.5	0.1
6/2003	100	-0.5
7/2003	100	0
8/2003	100	0
9/2003	100.2	0.2
10/2003	100.1	-0.1
11/2003	100.5	0.4
12/2003	100.5	0
1/2004	101.2	0.7
2/2004	99.7	-1.5
3/2004	100.5	0.8
4/2004	100.7	0.2
5/2004	99.9	-0.8
6/2004	100.1	0.2
7/2004	100.2	0.1
8/2004	100.4	0.2
9/2004	100.5	0.1
10/2004	100.2	-0.3
11/2004	100.2	0
12/2004	100.5	0.3
1/2005	100.7	0.2
2/2005	100.5	-0.2
3/2005	99.8	-0.7
4/2005	100.3	0.5
5/2005	100.4	0.1
6/2005	100.3	-0.1
7/2005	100.3	0
8/2005	100.6	0.3
9/2005	100.6	0
10/2005	100.4	-0.2
11/2005	100.5	0.1
12/2005	100.6	0.1
1/2006	100.9	0.3
2/2006	100.8	-0.1
3/2006	100.3	-0.5
4/2006	100.2	-0.1
5/2006	100.4	0.2
6/2006	100.4	0
7/2006	100.3	-0.1
8/2006	100.5	0.2
9/2006	100.7	0.2
10/2006	100.4	-0.3
11/2006	100	-0.4
12/2006	100.7	0.7
1/2007	101.01	0.31
2/2007	101.28	0.27
3/2007	99.75	-1.53
4/2007	100.48	0.73
5/2007	100.48	0
6/2007	100.48	0
7/2007	100.49	0.01
8/2007	100.38	-0.11
9/2007	100.31	-0.07
10/2007	100.29	-0.02
11/2007	100.4	0.11
12/2007	101.16	0.76
1/2008	101.4	0.24
2/2008	101.36	-0.04
3/2008	100.89	-0.47
4/2008	100.96	0.07
5/2008	100.96	0
6/2008	100.92	-0.04
7/2008	101.4	0.48
8/2008	101	-0.4
9/2008	100.74	-0.26
10/2008	100.7	-0.04
11/2008	100.86	0.16
12/2008	101.01	0.15
1/2009	101.46	0.45
2/2009	100.44	-1.02
3/2009	100.19	-0.25
4/2009	100.2	0.01
5/2009	100.26	0.06
6/2009	100.47	0.21
7/2009	100.29	-0.18
8/2009	100.52	0.23
9/2009	100.67	0.15
10/2009	100.27	-0.4
11/2009	100.32	0.05
12/2009	100.81	0.49
1/2010	101.24	0.43
2/2010	101.39	0.15
3/2010	100.15	-1.24
4/2010	100.35	0.2
5/2010	100.32	-0.03
6/2010	100.33	0.01
7/2010	100.35	0.02
8/2010	100.51	0.16
9/2010	100.34	-0.17
10/2010	100.4	0.06
11/2010	100.9	0.5
12/2010	101.81	0.91
1/2011	101.81	0
2/2011	101.38	-0.43
3/2011	101	-0.38
4/2011	101.63	0.63
5/2011	101.17	-0.46
6/2011	100.62	-0.55
7/2011	100.74	0.12
8/2011	100.79	0.05
9/2011	100.92	0.13
10/2011	100.63	-0.29
11/2011	100.65	0.02
12/2011	100.86	0.21
1/2012	101.97	1.11
2/2012	100.55	-1.42
3/2012	100.41	-0.14
4/2012	100.56	0.15
5/2012	100.58	0.02
6/2012	100.62	0.04
7/2012	100.46	-0.16
8/2012	100.57	0.11
9/2012	100.46	-0.11
10/2012	100.55	0.09
11/2012	100.83	0.28
12/2012	101.17	0.34
1/2013	101.3	0.13
2/2013	101.08	-0.22
3/2013	100.18	-0.9
4/2013	100.45	0.27
5/2013	100.36	-0.09
6/2013	100.42	0.06
7/2013	100.25	-0.17
8/2013	100.44	0.19
9/2013	100.29	-0.15
10/2013	100.35	0.06
11/2013	100.35	0
12/2013	100.57	0.22
1/2014	100.89	0.32
2/2014	100.21	-0.68
3/2014	100.05	-0.16
4/2014	100.26	0.21
5/2014	100.2	-0.06
6/2014	100.22	0.02
7/2014	100.2	-0.02
8/2014	100.32	0.12
9/2014	100.32	0
10/2014	100.19	-0.13
11/2014	100.34	0.15
12/2014	100.51	0.17
1/2015	100.51	0
2/2015	100.45	-0.06
3/2015	99.96	-0.49
4/2015	100.14	0.18
5/2015	100.14	0
6/2015	100.17	0.03
7/2015	100.25	0.08
8/2015	100.28	0.03
9/2015	100.21	-0.07
10/2015	100.2	-0.01
11/2015	100.14	-0.06
12/2015	100.32	0.18
1/2016	100.37	0.05
2/2016	100.45	0.08
3/2016	99.83	-0.62
4/2016	100.05	0.22
5/2016	100.02	-0.03
6/2016	100.06	0.04
7/2016	100.04	-0.02
8/2016	100.14	0.1
9/2016	100.14	0
10/2016	100.05	-0.09
11/2016	100.24	0.19
12/2016	100.25	0.01
1/2017	100.24	-0.01
2/2017	99.95	-0.29
3/2017	99.88	-0.07
4/2017	100.02	0.14
5/2017	100.05	0.03
6/2017	100.05	0
7/2017	100.04	-0.01
8/2017	100.09	0.05
9/2017	100.05	-0.04
10/2017	100.17	0.12
11/2017	100.15	-0.02
12/2017	100.43	0.28
1/2018	100.34	-0.09
2/2018	100.2	-0.14
3/2018	99.83	-0.37
4/2018	99.99	0.16
5/2018	100.08	0.09
6/2018	100.06	-0.02
7/2018	100.12	0.06
8/2018	100.1	-0.02
9/2018	100.11	0.01
10/2018	100.15	0.04
11/2018	100.26	0.11
12/2018	100.43	0.17
1/2019	100.39	-0.04
2/2019	100.14	-0.25
3/2019	99.83	-0.31
4/2019	100.06	0.23
5/2019	100.12	0.06
6/2019	100.14	0.02
7/2019	100.1	-0.04
8/2019	100.09	-0.01
9/2019	100.09	0
10/2019	100.06	-0.03
11/2019	100.12	0.06
12/2019	100.33	0.21
1/2020	100.33	0
2/2020	99.87	-0.46
3/2020	99.85	-0.02
4/2020	99.83	-0.02
5/2020	99.99	0.16
6/2020	100	0.01
7/2020	100.06	0.06
8/2020	99.97	-0.09
9/2020	100.1	0.13
10/2020	100.06	-0.04
11/2020	100.14	0.08
12/2020	100.15	0.01
1/2021	100.44	0.29
2/2021	100.25	-0.19
3/2021	99.8	-0.45
4/2021	100	0.2
5/2021	99.99	-0.01
6/2021	100	0.01
7/2021	99.97	-0.03
8/2021	99.97	0
9/2021	100.02	0.05
10/2021	100.13	0.11
11/2021	100.25	0.12
12/2021	100.22	-0.03
1/2022	100.26	0.04
2/2022	100.07	-0.19
3/2022	100.12	0.05
4/2022	100.12	0
5/2022	100.18	0.06
6/2022	100.17	-0.01
7/2022	100.32	0.15
8/2022	100.18	-0.14
9/2022	100.16	-0.02
10/2022	100.2	0.04
11/2022	100.22	0.02
12/2022	100.41	0.19