Date,Value,Change
1/2002	100	0
2/2002	100.2	0.2
3/2002	98.8	-1.4
4/2002	100	1.2
5/2002	99.9	-0.1
6/2002	100.3	0.4
7/2002	100.8	0.5
8/2002	99.4	-1.4
9/2002	100.4	1
10/2002	100.6	0.2
11/2002	100.5	-0.1
12/2002	100.3	-0.2
1/2003	100.3	0
2/2003	100.1	-0.2
3/2003	100	-0.1
4/2003	100.1	0.1
5/2003	100	-0.1
6/2003	100.5	0.5
7/2003	100	-0.5
8/2003	100.3	0.3
9/2003	102	1.7
10/2003	101.1	-0.9
11/2003	100.4	-0.7
12/2003	100.1	-0.3
1/2004	100.2	0.1
2/2004	100	-0.2
3/2004	96.6	-3.4
4/2004	100.1	3.5
5/2004	100.1	0
6/2004	99.9	-0.2
7/2004	100.4	0.5
8/2004	100.4	0
9/2004	100.4	0
10/2004	100.3	-0.1
11/2004	99.7	-0.6
12/2004	100.1	0.4
1/2005	100.1	0
2/2005	100	-0.1
3/2005	100.1	0.1
4/2005	100.2	0.1
5/2005	100.1	-0.1
6/2005	100.7	0.6
7/2005	100.6	-0.1
8/2005	100.6	0
9/2005	101.3	0.7
10/2005	100.7	-0.6
11/2005	100.2	-0.5
12/2005	100.4	0.2
1/2006	100.1	-0.3
2/2006	100.1	0
3/2006	100.1	0
4/2006	100.1	0
5/2006	100.3	0.2
6/2006	99.8	-0.5
7/2006	100.3	0.5
8/2006	100.3	0
9/2006	100.7	0.4
10/2006	101.6	0.9
11/2006	100.1	-1.5
12/2006	100.1	0
1/2007	100.19	0.09
2/2007	100.2	0.01
3/2007	100.06	-0.14
4/2007	100.17	0.11
5/2007	100.07	-0.1
6/2007	100.17	0.1
7/2007	100.08	-0.09
8/2007	100.28	0.2
9/2007	100.39	0.11
10/2007	100.2	-0.19
11/2007	100.06	-0.14
12/2007	100.08	0.02
1/2008	100.2	0.12
2/2008	100.1	-0.1
3/2008	100.3	0.2
4/2008	100.38	0.08
5/2008	100.45	0.07
6/2008	100.67	0.22
7/2008	101.02	0.35
8/2008	101.16	0.14
9/2008	101.4	0.24
10/2008	100.69	-0.71
11/2008	100.12	-0.57
12/2008	100.17	0.05
1/2009	100.07	-0.1
2/2009	100.04	-0.03
3/2009	100.09	0.05
4/2009	100.1	0.01
5/2009	100.04	-0.06
6/2009	100.07	0.03
7/2009	100.21	0.14
8/2009	100.15	-0.06
9/2009	104.33	4.18
10/2009	100.73	-3.6
11/2009	100.06	-0.67
12/2009	100.08	0.02
1/2010	100.27	0.19
2/2010	100.12	-0.15
3/2010	100.18	0.06
4/2010	100.12	-0.06
5/2010	100.07	-0.05
6/2010	100.09	0.02
7/2010	100.11	0.02
8/2010	101.29	1.18
9/2010	112.02	10.73
10/2010	103.9	-8.12
11/2010	100.23	-3.67
12/2010	100.07	-0.16
1/2011	102.89	2.82
2/2011	100.89	-2
3/2011	100.9	0.01
4/2011	100.29	-0.61
5/2011	100.25	-0.04
6/2011	100.47	0.22
7/2011	100.26	-0.21
8/2011	101.13	0.87
9/2011	108.62	7.49
10/2011	103.2	-5.42
11/2011	100.08	-3.12
12/2011	100.05	-0.03
1/2012	100.02	-0.03
2/2012	100.07	0.05
3/2012	101.11	1.04
4/2012	101.63	0.52
5/2012	100.07	-1.56
6/2012	100.1	0.03
7/2012	100.11	0.01
8/2012	100.48	0.37
9/2012	110.54	10.06
10/2012	101.88	-8.66
11/2012	100.13	-1.75
12/2012	100.09	-0.04
1/2013	100.3	0.21
2/2013	100.03	-0.27
3/2013	100.04	0.01
4/2013	100.05	0.01
5/2013	100.02	-0.03
6/2013	100.03	0.01
7/2013	100.09	0.06
8/2013	100.9	0.81
9/2013	109.38	8.48
10/2013	100.53	-8.85
11/2013	100.1	-0.43
12/2013	100.02	-0.08
1/2014	100.01	-0.01
2/2014	100.01	0
3/2014	100.03	0.02
4/2014	100.06	0.03
5/2014	100.01	-0.05
6/2014	100.01	0
7/2014	100.03	0.02
8/2014	100.22	0.19
9/2014	106.38	6.16
10/2014	101.31	-5.07
11/2014	100.03	-1.28
12/2014	100.03	0
1/2015	100.08	0.05
2/2015	100.03	-0.05
3/2015	100.01	-0.02
4/2015	100.01	0
5/2015	100	-0.01
6/2015	100	0
7/2015	100.01	0.01
8/2015	100.87	0.86
9/2015	101.24	0.37
10/2015	100.05	-1.19
11/2015	100.06	0.01
12/2015	100.04	-0.02
1/2016	100.89	0.85
2/2016	100.26	-0.63
3/2016	100.66	0.4
4/2016	100.37	-0.29
5/2016	100.02	-0.35
6/2016	100.06	0.04
7/2016	100	-0.06
8/2016	100.47	0.47
9/2016	107.19	6.72
10/2016	100.61	-6.58
11/2016	100	-0.61
12/2016	100	0
1/2017	100.47	0.47
2/2017	100	-0.47
3/2017	100.75	0.75
4/2017	100.01	-0.74
5/2017	100.02	0.01
6/2017	100.09	0.07
7/2017	100.05	-0.04
8/2017	100.57	0.52
9/2017	105	4.43
10/2017	100.19	-4.81
11/2017	100.03	-0.16
12/2017	100	-0.03
1/2018	100.03	0.03
2/2018	100.02	-0.01
3/2018	100.01	-0.01
4/2018	100.06	0.05
5/2018	100	-0.06
6/2018	100.11	0.11
7/2018	100.05	-0.06
8/2018	100.46	0.41
9/2018	105.07	4.61
10/2018	100.58	-4.49
11/2018	100.05	-0.53
12/2018	100	-0.05
1/2019	100.15	0.15
2/2019	99.53	-0.62
3/2019	100.01	0.48
4/2019	100.05	0.04
5/2019	100.05	0
6/2019	100.23	0.18
7/2019	100.22	-0.01
8/2019	100.57	0.35
9/2019	103.15	2.58
10/2019	100.19	-2.96
11/2019	100.04	-0.15
12/2019	100.01	-0.03
1/2020	100.02	0.01
2/2020	100.04	0.02
3/2020	100.04	0
4/2020	100	-0.04
5/2020	100	0
6/2020	100.01	0.01
7/2020	100.02	0.01
8/2020	100.18	0.16
9/2020	102.08	1.9
10/2020	101.35	-0.73
11/2020	100	-1.35
12/2020	100.01	0.01
1/2021	100.33	0.32
2/2021	100	-0.33
3/2021	100.01	0.01
4/2021	100.03	0.02
5/2021	100.03	0
6/2021	100.03	0
7/2021	100.03	0
8/2021	100.04	0.01
9/2021	97.11	-2.93
10/2021	100.25	3.14
11/2021	99.08	-1.17
12/2021	99.57	0.49
1/2022	100.03	0.46
2/2022	100.51	0.48
3/2022	100.1	-0.41
4/2022	100.96	0.86
5/2022	100.17	-0.79
6/2022	100.07	-0.1
7/2022	100.2	0.13
8/2022	101.46	1.26
9/2022	105.84	4.38
10/2022	102.35	-3.49
11/2022	99.37	-2.98
12/2022	100.32	0.95