Date,Value,Change
1/2002, 100, 0
2/2002, 100.2, 0.2
3/2002, 99.8, -0.4
4/2002, 99.9, 0.1
5/2002, 100.3, 0.4
6/2002, 100.5, 0.2
7/2002, 100.2, -0.3
8/2002, 100.2, 0
9/2002, 100.4, 0.2
10/2002, 103.1, 2.7
11/2002, 101.9, -1.2
12/2002, 100.5, -1.4
1/2003, 100.6, 0.1
2/2003, 100.5, -0.1
3/2003, 101.9, 1.4
4/2003, 100.4, -1.5
5/2003, 99.5, -0.9
6/2003, 99.6, 0.1
7/2003, 100.2, 0.6
8/2003, 100.2, 0
9/2003, 100.1, -0.1
10/2003, 100, -0.1
11/2003, 100.5, 0.5
12/2003, 100.6, 0.1
1/2004, 100.8, 0.2
2/2004, 101.5, 0.7
3/2004, 102.1, 0.6
4/2004, 100.4, -1.7
5/2004, 100.2, -0.2
6/2004, 99.8, -0.4
7/2004, 100, 0.2
8/2004, 100.6, 0.6
9/2004, 100.5, -0.1
10/2004, 100.5, 0
11/2004, 100.5, 0
12/2004, 100.5, 0
1/2005, 100.3, -0.2
2/2005, 100.4, 0.1
3/2005, 100.4, 0
4/2005, 101.1, 0.7
5/2005, 100.8, -0.3
6/2005, 100, -0.8
7/2005, 101.7, 1.7
8/2005, 100.6, -1.1
9/2005, 101.7, 1.1
10/2005, 101.1, -0.6
11/2005, 100.7, -0.4
12/2005, 100.6, -0.1
1/2006, 100.8, 0.2
2/2006, 100.7, -0.1
3/2006, 100.1, -0.6
4/2006, 99.7, -0.4
5/2006, 100.9, 1.2
6/2006, 101, 0.1
7/2006, 100.8, -0.2
8/2006, 101.1, 0.3
9/2006, 100.9, -0.2
10/2006, 99.5, -1.4
11/2006, 99.8, 0.3
12/2006, 100.5, 0.7
1/2007, 103.08, 2.58
2/2007, 101.86, -1.22
3/2007, 99.9, -1.96
4/2007, 100.96, 1.06
5/2007, 100.87, -0.09
6/2007, 101.33, 0.46
7/2007, 100.73, -0.6
8/2007, 100.15, -0.58
9/2007, 100.43, 0.28
10/2007, 101.51, 1.08
11/2007, 101.87, 0.36
12/2007, 103.28, 1.41
1/2008, 102.88, -0.4
2/2008, 101.39, -1.49
3/2008, 103.55, 2.16
4/2008, 102.62, -0.93
5/2008, 101.2, -1.42
6/2008, 101.93, 0.73
7/2008, 101.67, -0.26
8/2008, 102.18, 0.51
9/2008, 99.37, -2.81
10/2008, 98.92, -0.45
11/2008, 95.14, -3.78
12/2008, 97.64, 2.5
1/2009, 100.77, 3.13
2/2009, 101.59, 0.82
3/2009, 100.3, -1.29
4/2009, 100.45, 0.15
5/2009, 100.97, 0.52
6/2009, 101.45, 0.48
7/2009, 101.89, 0.44
8/2009, 100.93, -0.96
9/2009, 100.87, -0.06
10/2009, 100.55, -0.32
11/2009, 100.75, 0.2
12/2009, 101.4, 0.65
1/2010, 101.66, 0.26
2/2010, 101.75, 0.09
3/2010, 101.38, -0.37
4/2010, 102.51, 1.13
5/2010, 101.46, -1.05
6/2010, 100.01, -1.45
7/2010, 99.53, -0.48
8/2010, 100.07, 0.54
9/2010, 101.08, 1.01
10/2010, 101.04, -0.04
11/2010, 101.74, 0.7
12/2010, 102.53, 0.79
1/2011, 101.33, -1.2
2/2011, 100.83, -0.5
3/2011, 103.67, 2.84
4/2011, 104.38, 0.71
5/2011, 103.19, -1.19
6/2011, 100.56, -2.63
7/2011, 100.36, -0.2
8/2011, 100.89, 0.53
9/2011, 100.37, -0.52
10/2011, 99.97, -0.4
11/2011, 100.12, 0.15
12/2011, 100.51, 0.39
1/2012, 101.71, 1.2
2/2012, 102.47, 0.76
3/2012, 102.31, -0.16
4/2012, 99.56, -2.75
5/2012, 99.03, -0.53
6/2012, 98.79, -0.24
7/2012, 99.07, 0.28
8/2012, 102.03, 2.96
9/2012, 102.18, 0.15
10/2012, 101.09, -1.09
11/2012, 100.53, -0.56
12/2012, 100.15, -0.38
1/2013, 100.36, 0.21
2/2013, 100.45, 0.09
3/2013, 100.09, -0.36
4/2013, 99.56, -0.53
5/2013, 99.47, -0.09
6/2013, 100.02, 0.55
7/2013, 100.43, 0.41
8/2013, 100.88, 0.45
9/2013, 100.91, 0.03
10/2013, 100.5, -0.41
11/2013, 100.41, -0.09
12/2013, 102.31, 1.9
1/2014, 101.02, -1.29
2/2014, 99.36, -1.66
3/2014, 99.26, -0.1
4/2014, 99.44, 0.18
5/2014, 100.43, 0.99
6/2014, 100.61, 0.18
7/2014, 100.43, -0.18
8/2014, 99.69, -0.74
9/2014, 99.62, -0.07
10/2014, 99.92, 0.3
11/2014, 99.26, -0.66
12/2014, 99.01, -0.25
1/2015, 98.91, -0.1
2/2015, 99.59, 0.68
3/2015, 100.16, 0.57
4/2015, 100.84, 0.68
5/2015, 101.27, 0.43
6/2015, 100.3, -0.97
7/2015, 100.22, -0.08
8/2015, 99.55, -0.67
9/2015, 99.32, -0.23
10/2015, 99.99, 0.67
11/2015, 100.32, 0.33
12/2015, 100.5, 0.18
1/2016, 100.3, -0.2
2/2016, 99.59, -0.71
3/2016, 99.99, 0.4
4/2016, 100.71, 0.72
5/2016, 100.88, 0.17
6/2016, 100.55, -0.33
7/2016, 100.14, -0.41
8/2016, 99.98, -0.16
9/2016, 100.09, 0.11
10/2016, 100.31, 0.22
11/2016, 100.49, 0.18
12/2016, 100.19, -0.3
1/2017, 100.57, 0.38
2/2017, 100.77, 0.2
3/2017, 100.5, -0.27
4/2017, 99.76, -0.74
5/2017, 99.98, 0.22
6/2017, 100.53, 0.55
7/2017, 100.03, -0.5
8/2017, 100.93, 0.9
9/2017, 100.69, -0.24
10/2017, 100.63, -0.06
11/2017, 99.96, -0.67
12/2017, 100.22, 0.26
1/2018, 100.55, 0.33
2/2018, 99.91, -0.64
3/2018, 99.72, -0.19
4/2018, 100.18, 0.46
5/2018, 100.34, 0.16
6/2018, 100.65, 0.31
7/2018, 100.37, -0.28
8/2018, 100.44, 0.07
9/2018, 100.2, -0.24
10/2018, 100.31, 0.11
11/2018, 99.36, -0.95
12/2018, 99.11, -0.25
1/2019, 100.35, 1.24
2/2019, 100.69, 0.34
3/2019, 100.78, 0.09
4/2019, 100.6, -0.18
5/2019, 101.28, 0.68
6/2019, 99.8, -1.48
7/2019, 99.97, 0.17
8/2019, 100.33, 0.36
9/2019, 100.12, -0.21
10/2019, 100.53, 0.41
11/2019, 100.13, -0.4
12/2019, 100.43, 0.3
1/2020, 101.47, 1.04
2/2020, 99.97, -1.5
3/2020, 99.75, -0.22
4/2020, 97.67, -2.08
5/2020, 100.25, 2.58
6/2020, 99.58, -0.67
7/2020, 100.47, 0.89
8/2020, 100.1, -0.37
9/2020, 100.62, 0.52
10/2020, 100.29, -0.33
11/2020, 100.07, -0.22
12/2020, 99.97, -0.1
1/2021, 97.69, -2.28
2/2021, 104, 6.31
3/2021, 100.24, -3.76
4/2021, 99.57, -0.67
5/2021, 100.4, 0.83
6/2021, 100.63, 0.23
7/2021, 100.88, 0.25
8/2021, 100, -0.88
9/2021, 98.01, -1.99
10/2021, 99.74, 1.73
11/2021, 100.46, 0.72
12/2021, 99.55, -0.91
1/2022, 100.07, 0.52
2/2022, 100.92, 0.85
3/2022, 101.49, 0.57
4/2022, 100.58, -0.91
5/2022, 99.87, -0.71
6/2022, 99.99, 0.12
7/2022, 100.49, 0.5
8/2022, 100.26, -0.23
9/2022, 100.94, 0.68
10/2022, 100.69, -0.25
11/2022, 100.97, 0.28
12/2022, 100.66, -0.31