Date,Value,Change
1/2002, 100.4, 0
2/2002, 100.3, -0.1
3/2002, 99.7, -0.6
4/2002, 100.1, 0.4
5/2002, 100, -0.1
6/2002, 100, 0
7/2002, 100, 0
8/2002, 100.1, 0.1
9/2002, 100.1, 0
10/2002, 99.9, -0.2
11/2002, 100, 0.1
12/2002, 100.2, 0.2
1/2003, 100.3, 0.1
2/2003, 100.2, -0.1
3/2003, 100.2, 0
4/2003, 100.1, -0.1
5/2003, 100.2, 0.1
6/2003, 100.1, -0.1
7/2003, 100, -0.1
8/2003, 99.7, -0.3
9/2003, 100, 0.3
10/2003, 100.2, 0.2
11/2003, 100.5, 0.3
12/2003, 100.4, -0.1
1/2004, 100.5, 0.1
2/2004, 100.7, 0.2
3/2004, 99.7, -1
4/2004, 100.5, 0.8
5/2004, 100.1, -0.4
6/2004, 100.1, 0
7/2004, 100.5, 0.4
8/2004, 100.4, -0.1
9/2004, 100.3, -0.1
10/2004, 100.4, 0.1
11/2004, 100.1, -0.3
12/2004, 100.3, 0.2
1/2005, 100.8, 0.5
2/2005, 100.4, -0.4
3/2005, 100.2, -0.2
4/2005, 100.4, 0.2
5/2005, 100.3, -0.1
6/2005, 100.3, 0
7/2005, 100.3, 0
8/2005, 100.5, 0.2
9/2005, 100.3, -0.2
10/2005, 100.4, 0.1
11/2005, 100.3, -0.1
12/2005, 100.6, 0.3
1/2006, 100.6, 0
2/2006, 100.6, 0
3/2006, 100.4, -0.2
4/2006, 100.4, 0
5/2006, 100.5, 0.1
6/2006, 100.7, 0.2
7/2006, 100.3, -0.4
8/2006, 100.3, 0
9/2006, 100.4, 0.1
10/2006, 100.5, 0.1
11/2006, 100.7, 0.2
12/2006, 100.7, 0
1/2007, 100.49, -0.21
2/2007, 101.06, 0.57
3/2007, 100.14, -0.92
4/2007, 100.44, 0.3
5/2007, 100.64, 0.2
6/2007, 100.38, -0.26
7/2007, 100.49, 0.11
8/2007, 100.28, -0.21
9/2007, 100.25, -0.03
10/2007, 100.21, -0.04
11/2007, 100.2, -0.01
12/2007, 100.46, 0.26
1/2008, 100.85, 0.39
2/2008, 100.73, -0.12
3/2008, 101.51, 0.78
4/2008, 100.95, -0.56
5/2008, 100.93, -0.02
6/2008, 101.28, 0.35
7/2008, 101.53, 0.25
8/2008, 101.11, -0.42
9/2008, 101.11, 0
10/2008, 100.73, -0.38
11/2008, 100.67, -0.06
12/2008, 100.6, -0.07
1/2009, 100.61, 0.01
2/2009, 100.7, 0.09
3/2009, 100.34, -0.36
4/2009, 100.28, -0.06
5/2009, 100.51, 0.23
6/2009, 100.66, 0.15
7/2009, 100.37, -0.29
8/2009, 100.3, -0.07
9/2009, 100.37, 0.07
10/2009, 100.22, -0.15
11/2009, 100.22, 0
12/2009, 100.25, 0.03
1/2010, 100.58, 0.33
2/2010, 100.93, 0.35
3/2010, 100.39, -0.54
4/2010, 100.45, 0.06
5/2010, 100.39, -0.06
6/2010, 100.48, 0.09
7/2010, 100.39, -0.09
8/2010, 100.38, -0.01
9/2010, 100.34, -0.04
10/2010, 100.48, 0.14
11/2010, 100.74, 0.26
12/2010, 100.86, 0.12
1/2011, 100.77, -0.09
2/2011, 100.64, -0.13
3/2011, 101.22, 0.58
4/2011, 101.38, 0.16
5/2011, 100.97, -0.41
6/2011, 100.72, -0.25
7/2011, 100.61, -0.11
8/2011, 100.51, -0.1
9/2011, 100.51, 0
10/2011, 100.73, 0.22
11/2011, 100.61, -0.12
12/2011, 100.68, 0.07
1/2012, 100.96, 0.28
2/2012, 100.41, -0.55
3/2012, 100.55, 0.14
4/2012, 100.53, -0.02
5/2012, 100.57, 0.04
6/2012, 100.46, -0.11
7/2012, 100.4, -0.06
8/2012, 100.35, -0.05
9/2012, 100.31, -0.04
10/2012, 100.3, -0.01
11/2012, 100.56, 0.26
12/2012, 100.59, 0.03
1/2013, 100.54, -0.05
2/2013, 100.6, 0.06
3/2013, 100.23, -0.37
4/2013, 100.38, 0.15
5/2013, 100.36, -0.02
6/2013, 100.33, -0.03
7/2013, 100.26, -0.07
8/2013, 100.22, -0.04
9/2013, 100.23, 0.01
10/2013, 100.24, 0.01
11/2013, 100.24, 0
12/2013, 100.25, 0.01
1/2014, 100.39, 0.14
2/2014, 100.22, -0.17
3/2014, 100.16, -0.06
4/2014, 100.24, 0.08
5/2014, 100.25, 0.01
6/2014, 100.2, -0.05
7/2014, 100.12, -0.08
8/2014, 100.09, -0.03
9/2014, 100.21, 0.12
10/2014, 100.22, 0.01
11/2014, 100.16, -0.06
12/2014, 100.18, 0.02
1/2015, 100.18, 0
2/2015, 100.31, 0.13
3/2015, 100.09, -0.22
4/2015, 100.16, 0.07
5/2015, 100.13, -0.03
6/2015, 100.12, -0.01
7/2015, 100.14, 0.02
8/2015, 100.11, -0.03
9/2015, 100.07, -0.04
10/2015, 100.12, 0.05
11/2015, 100.19, 0.07
12/2015, 99.9, -0.29
1/2016, 100.16, 0.26
2/2016, 100.19, 0.03
3/2016, 99.99, -0.2
4/2016, 100.1, 0.11
5/2016, 100.09, -0.01
6/2016, 100.06, -0.03
7/2016, 100.06, 0
8/2016, 100.05, -0.01
9/2016, 100.11, 0.06
10/2016, 100.04, -0.07
11/2016, 100.1, 0.06
12/2016, 100.08, -0.02
1/2017, 100.2, 0.12
2/2017, 100.05, -0.15
3/2017, 100.06, 0.01
4/2017, 100.1, 0.04
5/2017, 100.1, 0
6/2017, 100.08, -0.02
7/2017, 100.09, 0.01
8/2017, 100.03, -0.06
9/2017, 100.06, 0.03
10/2017, 100.1, 0.04
11/2017, 100.09, -0.01
12/2017, 100.12, 0.03
1/2018, 100.16, 0.04
2/2018, 100.27, 0.11
3/2018, 100.02, -0.25
4/2018, 100.09, 0.07
5/2018, 100.1, 0.01
6/2018, 100.03, -0.07
7/2018, 100.11, 0.08
8/2018, 100.1, -0.01
9/2018, 100.13, 0.03
10/2018, 100.11, -0.02
11/2018, 100.08, -0.03
12/2018, 100.16, 0.08
1/2019, 100.16, 0
2/2019, 100.26, 0.1
3/2019, 99.97, -0.29
4/2019, 100.11, 0.14
5/2019, 100.11, 0
6/2019, 100.14, 0.03
7/2019, 100.08, -0.06
8/2019, 100.05, -0.03
9/2019, 100.13, 0.08
10/2019, 100.09, -0.04
11/2019, 100.1, 0.01
12/2019, 100.14, 0.04
1/2020, 100.27, 0.13
2/2020, 100.08, -0.19
3/2020, 100.09, 0.01
4/2020, 100.06, -0.03
5/2020, 100.05, -0.01
6/2020, 100.07, 0.02
7/2020, 100.07, 0
8/2020, 100, -0.07
9/2020, 99.94, -0.06
10/2020, 100, 0.06
11/2020, 100.03, 0.03
12/2020, 100.01, -0.02
1/2021, 100.08, 0.07
2/2021, 100.2, 0.12
3/2021, 99.95, -0.25
4/2021, 100.11, 0.16
5/2021, 100.09, -0.02
6/2021, 100.1, 0.01
7/2021, 100.06, -0.04
8/2021, 100, -0.06
9/2021, 100.09, 0.09
10/2021, 100.06, -0.03
11/2021, 100.19, 0.13
12/2021, 100.17, -0.02
1/2022, 100.18, 0.01
2/2022, 100.19, 0.01
3/2022, 100.19, 0
4/2022, 100.32, 0.13
5/2022, 100.22, -0.1
6/2022, 100.31, 0.09
7/2022, 100.32, 0.01
8/2022, 100.21, -0.11
9/2022, 100.16, -0.05
10/2022, 100.12, -0.04
11/2022, 100.21, 0.09
12/2022, 100.22, 0.01